-0.5,0.0022134,0.0023407,0.0014574
-0.4975,0.0022272,0.0023582,0.0014657
-0.495,0.0022411,0.002376,0.001474
-0.4925,0.0022551,0.0023941,0.0014824
-0.49,0.0022693,0.0024123,0.001491
-0.4875,0.0022837,0.0024308,0.0014996
-0.485,0.0022983,0.0024496,0.0015083
-0.4825,0.002313,0.0024686,0.001517
-0.48,0.0023279,0.0024879,0.0015259
-0.4775,0.002343,0.0025074,0.0015349
-0.475,0.0023582,0.0025272,0.0015439
-0.4725,0.0023736,0.0025472,0.0015531
-0.47,0.0023893,0.0025676,0.0015624
-0.4675,0.0024051,0.0025882,0.0015717
-0.465,0.002421,0.0026091,0.0015812
-0.4625,0.0024372,0.0026303,0.0015908
-0.46,0.0024536,0.0026518,0.0016005
-0.4575,0.0024702,0.0026736,0.0016102
-0.455,0.002487,0.0026957,0.0016201
-0.4525,0.002504,0.0027182,0.0016301
-0.45,0.0025212,0.0027409,0.0016403
-0.4475,0.0025387,0.002764,0.0016505
-0.445,0.0025563,0.0027875,0.0016608
-0.4425,0.0025742,0.0028113,0.0016713
-0.44,0.0025924,0.0028354,0.0016819
-0.4375,0.0026107,0.0028599,0.0016926
-0.435,0.0026293,0.0028848,0.0017035
-0.4325,0.0026482,0.00291,0.0017145
-0.43,0.0026673,0.0029357,0.0017256
-0.4275,0.0026866,0.0029617,0.0017368
-0.425,0.0027063,0.0029882,0.0017482
-0.4225,0.0027261,0.003015,0.0017597
-0.42,0.0027463,0.0030423,0.0017714
-0.4175,0.0027668,0.00307,0.0017832
-0.415,0.0027875,0.0030982,0.0017952
-0.4125,0.0028085,0.0031268,0.0018073
-0.41,0.0028298,0.0031559,0.0018196
-0.4075,0.0028514,0.0031854,0.001832
-0.405,0.0028734,0.0032154,0.0018446
-0.4025,0.0028956,0.003246,0.0018574
-0.4,0.0029182,0.003277,0.0018703
-0.3975,0.0029411,0.0033086,0.0018834
-0.395,0.0029644,0.0033407,0.0018966
-0.3925,0.002988,0.0033733,0.0019101
-0.39,0.0030119,0.0034065,0.0019237
-0.3875,0.0030363,0.0034403,0.0019375
-0.385,0.003061,0.0034747,0.0019516
-0.3825,0.003086,0.0035097,0.0019658
-0.38,0.0031115,0.0035453,0.0019802
-0.3775,0.0031374,0.0035815,0.0019948
-0.375,0.0031637,0.0036184,0.0020096
-0.3725,0.0031904,0.0036559,0.0020246
-0.37,0.0032175,0.0036942,0.0020399
-0.3675,0.0032451,0.0037331,0.0020554
-0.365,0.0032731,0.0037728,0.0020711
-0.3625,0.0033016,0.0038132,0.002087
-0.36,0.0033306,0.0038544,0.0021032
-0.3575,0.0033601,0.0038963,0.0021197
-0.355,0.00339,0.0039391,0.0021364
-0.3525,0.0034205,0.0039827,0.0021533
-0.35,0.0034515,0.0040271,0.0021705
-0.3475,0.0034831,0.0040725,0.002188
-0.345,0.0035152,0.0041187,0.0022058
-0.3425,0.0035479,0.0041658,0.0022238
-0.34,0.0035812,0.0042139,0.0022422
-0.3375,0.0036151,0.004263,0.0022608
-0.335,0.0036496,0.0043131,0.0022798
-0.3325,0.0036847,0.0043642,0.0022991
-0.33,0.0037205,0.0044164,0.0023187
-0.3275,0.003757,0.0044697,0.0023386
-0.325,0.0037942,0.0045241,0.0023589
-0.3225,0.0038321,0.0045798,0.0023796
-0.32,0.0038707,0.0046366,0.0024006
-0.3175,0.0039101,0.0046946,0.002422
-0.315,0.0039503,0.0047539,0.0024437
-0.3125,0.0039912,0.0048146,0.0024659
-0.31,0.0040331,0.0048766,0.0024885
-0.3075,0.0040757,0.0049401,0.0025115
-0.305,0.0041193,0.005005,0.0025349
-0.3025,0.0041638,0.0050714,0.0025588
-0.3,0.0042092,0.0051393,0.0025832
-0.2975,0.0042556,0.0052089,0.002608
-0.295,0.004303,0.0052801,0.0026333
-0.2925,0.0043514,0.005353,0.0026592
-0.29,0.0044009,0.0054277,0.0026855
-0.2875,0.0044515,0.0055042,0.0027124
-0.285,0.0045033,0.0055827,0.0027398
-0.2825,0.0045562,0.0056631,0.0027679
-0.28,0.0046104,0.0057455,0.0027965
-0.2775,0.0046658,0.0058301,0.0028257
-0.275,0.0047226,0.0059169,0.0028556
-0.2725,0.0047807,0.0060059,0.0028861
-0.27,0.0048402,0.0060973,0.0029173
-0.2675,0.0049012,0.0061911,0.0029492
-0.265,0.0049637,0.0062875,0.0029819
-0.2625,0.0050278,0.0063865,0.0030153
-0.26,0.0050935,0.0064882,0.0030495
-0.2575,0.0051609,0.0065928,0.0030845
-0.255,0.00523,0.0067003,0.0031203
-0.2525,0.005301,0.006811,0.0031571
-0.25,0.0053739,0.0069248,0.0031947
-0.2475,0.0054488,0.0070419,0.0032333
-0.245,0.0055257,0.0071626,0.0032729
-0.2425,0.0056048,0.0072868,0.0033135
-0.24,0.0056861,0.0074148,0.0033551
-0.2375,0.0057698,0.0075468,0.0033979
-0.235,0.0058559,0.0076829,0.0034418
-0.2325,0.0059445,0.0078232,0.003487
-0.23,0.0060357,0.007968,0.0035333
-0.2275,0.0061297,0.0081175,0.003581
-0.225,0.0062266,0.0082719,0.0036301
-0.2225,0.0063265,0.0084315,0.0036806
-0.22,0.0064296,0.0085963,0.0037326
-0.2175,0.006536,0.0087668,0.0037862
-0.215,0.0066458,0.0089432,0.0038414
-0.2125,0.0067592,0.0091258,0.0038983
-0.21,0.0068765,0.0093148,0.0039569
-0.2075,0.0069977,0.0095106,0.0040175
-0.205,0.0071231,0.0097136,0.0040801
-0.2025,0.0072529,0.009924,0.0041447
-0.2,0.0073874,0.010142,0.0042115
-0.1975,0.0075267,0.010369,0.0042806
-0.195,0.0076711,0.010605,0.0043521
-0.1925,0.0078209,0.010849,0.0044261
-0.19,0.0079764,0.011104,0.0045028
-0.1875,0.008138,0.011369,0.0045823
-0.185,0.0083059,0.011644,0.0046648
-0.1825,0.0084805,0.011931,0.0047504
-0.18,0.0086622,0.012231,0.0048394
-0.1775,0.0088514,0.012543,0.0049319
-0.175,0.0090487,0.012869,0.0050281
-0.1725,0.0092544,0.01321,0.0051283
-0.17,0.0094691,0.013566,0.0052326
-0.1675,0.0096934,0.013938,0.0053415
-0.165,0.0099278,0.014329,0.0054551
-0.1625,0.010173,0.014737,0.0055737
-0.16,0.01043,0.015166,0.0056978
-0.1575,0.010699,0.015616,0.0058276
-0.155,0.010982,0.016089,0.0059636
-0.1525,0.011279,0.016587,0.0061062
-0.15,0.011591,0.017111,0.0062558
-0.1475,0.011919,0.017663,0.0064131
-0.145,0.012265,0.018245,0.0065785
-0.1425,0.01263,0.01886,0.0067528
-0.14,0.013015,0.019511,0.0069365
-0.1375,0.013423,0.020199,0.0071305
-0.135,0.013854,0.02093,0.0073356
-0.1325,0.014312,0.021705,0.0075528
-0.13,0.014797,0.022529,0.0077831
-0.1275,0.015314,0.023406,0.0080276
-0.125,0.015864,0.024342,0.0082878
-0.1225,0.016451,0.025342,0.008565
-0.12,0.017079,0.026411,0.0088609
-0.1175,0.017751,0.027558,0.0091774
-0.115,0.018472,0.02879,0.0095167
-0.1125,0.019248,0.030116,0.0098812
-0.11,0.020084,0.031548,0.010274
-0.1075,0.020988,0.033096,0.010697
-0.105,0.021968,0.034776,0.011156
-0.1025,0.023033,0.036603,0.011654
-0.1,0.024194,0.038598,0.012197
-0.0975,0.025466,0.040784,0.01279
-0.095,0.026863,0.043188,0.013442
-0.0925,0.028406,0.045844,0.014161
-0.09,0.030117,0.048794,0.014957
-0.0875,0.032027,0.052087,0.015846
-0.085,0.034172,0.055788,0.016842
-0.0825,0.036596,0.059974,0.017968
-0.08,0.039357,0.064744,0.019249
-0.0775,0.042525,0.070222,0.020718
-0.075,0.046193,0.076566,0.022417
-0.0725,0.050472,0.083973,0.024398
-0.07,0.055507,0.09269,0.026728
-0.0675,0.061474,0.10303,0.029488
-0.065,0.068594,0.11536,0.03278
-0.0625,0.077133,0.13016,0.036726
-0.06,0.087413,0.14799,0.041476
-0.0575,0.099814,0.16949,0.047203
-0.055,0.11477,0.19544,0.05411
-0.0525,0.13279,0.22669,0.062427
-0.05,0.1544,0.26419,0.072401
-0.0475,0.18018,0.30892,0.084299
-0.045,0.2107,0.3619,0.098385
-0.0425,0.24652,0.42407,0.11491
-0.04,0.28812,0.49626,0.13411
-0.0375,0.33584,0.57909,0.15612
-0.035,0.38986,0.67285,0.18104
-0.0325,0.4501,0.77742,0.20884
-0.03,0.51621,0.89217,0.23933
-0.0275,0.58747,1.0159,0.2722
-0.025,0.66281,1.1467,0.30696
-0.0225,0.74079,1.282,0.34293
-0.02,0.8196,1.4188,0.37928
-0.0175,0.89714,1.5534,0.41505
-0.015,0.9711,1.6818,0.44917
-0.0125,1.0391,1.7998,0.48053
-0.01,1.0987,1.9032,0.50802
-0.0075,1.1476,1.9882,0.53062
-0.005,1.1841,2.0515,0.54745
-0.0025,1.2066,2.0906,0.55785
0,1.2143,2.1038,0.56138
0.0025,1.2067,2.0907,0.5579
0.005,1.1843,2.0516,0.54756
0.0075,1.1478,1.9884,0.53078
0.01,1.0989,1.9034,0.50823
0.0125,1.0394,1.8,0.48079
0.015,0.9715,1.6821,0.44949
0.0175,0.89761,1.5538,0.41543
0.02,0.82014,1.4192,0.37971
0.0225,0.7414,1.2825,0.34341
0.025,0.66349,1.1472,0.3075
0.0275,0.58821,1.0164,0.27279
0.03,0.51702,0.89279,0.23997
0.0325,0.45098,0.77809,0.20953
0.035,0.39081,0.67357,0.1818
0.0375,0.33686,0.57986,0.15693
0.04,0.2892,0.49708,0.13497
0.0425,0.24768,0.42494,0.11583
0.045,0.21193,0.36282,0.099356
0.0475,0.18147,0.3099,0.085324
0.05,0.15576,0.26522,0.073483
0.0525,0.13422,0.22778,0.063563
0.055,0.11628,0.19658,0.055303
0.0575,0.10139,0.17069,0.048451
0.06,0.089057,0.14924,0.04278
0.0625,0.078847,0.13147,0.038087
0.065,0.07038,0.11672,0.034198
0.0675,0.063332,0.10444,0.030964
0.07,0.057436,0.094156,0.028261
0.0725,0.052474,0.085494,0.025989
0.075,0.048267,0.078143,0.024065
0.0775,0.044673,0.071855,0.022424
0.08,0.041578,0.066433,0.021014
0.0825,0.038891,0.061719,0.019792
0.085,0.036541,0.05759,0.018726
0.0875,0.034472,0.053947,0.017789
0.09,0.032637,0.050711,0.016961
0.0925,0.031001,0.04782,0.016225
0.095,0.029535,0.045222,0.015567
0.0975,0.028215,0.042877,0.014977
0.1,0.027021,0.04075,0.014445
0.1025,0.025937,0.038815,0.013965
0.105,0.024951,0.037048,0.013529
0.1075,0.02405,0.035429,0.013134
0.11,0.023226,0.033942,0.012774
0.1125,0.02247,0.032572,0.012446
0.115,0.021775,0.031308,0.012147
0.1175,0.021136,0.030139,0.011873
0.12,0.020546,0.029056,0.011622
0.1225,0.020002,0.02805,0.011393
0.125,0.019498,0.027115,0.011183
0.1275,0.019033,0.026245,0.010991
0.13,0.018601,0.025433,0.010815
0.1325,0.018202,0.024675,0.010654
0.135,0.017831,0.023967,0.010507
0.1375,0.017487,0.023305,0.010372
0.14,0.017169,0.022685,0.01025
0.1425,0.016873,0.022104,0.010138
0.145,0.016598,0.021558,0.010037
0.1475,0.016344,0.021047,0.0099454
0.15,0.016108,0.020567,0.0098627
0.1525,0.015889,0.020115,0.0097884
0.155,0.015687,0.019691,0.0097221
0.1575,0.015499,0.019292,0.0096633
0.16,0.015327,0.018917,0.0096116
0.1625,0.015167,0.018564,0.0095666
0.165,0.015021,0.018233,0.009528
0.1675,0.014886,0.01792,0.0094954
0.17,0.014763,0.017627,0.0094686
0.1725,0.01465,0.017351,0.0094474
0.175,0.014548,0.017091,0.0094314
0.1775,0.014456,0.016847,0.0094205
0.18,0.014373,0.016618,0.0094145
0.1825,0.014299,0.016403,0.0094132
0.185,0.014233,0.016202,0.0094164
0.1875,0.014176,0.016013,0.009424
0.19,0.014126,0.015836,0.0094359
0.1925,0.014084,0.015671,0.009452
0.195,0.014049,0.015517,0.009472
0.1975,0.014022,0.015374,0.009496
0.2,0.014001,0.01524,0.0095239
0.2025,0.013986,0.015117,0.0095555
0.205,0.013978,0.015003,0.0095909
0.2075,0.013976,0.014898,0.0096298
0.21,0.013981,0.014802,0.0096724
0.2125,0.013991,0.014714,0.0097185
0.215,0.014007,0.014634,0.0097682
0.2175,0.014028,0.014562,0.0098213
0.22,0.014055,0.014498,0.0098778
0.2225,0.014088,0.014442,0.0099378
0.225,0.014126,0.014392,0.010001
0.2275,0.014169,0.01435,0.010068
0.23,0.014218,0.014314,0.010138
0.2325,0.014271,0.014286,0.010212
0.235,0.01433,0.014264,0.010289
0.2375,0.014394,0.014248,0.01037
0.24,0.014463,0.014239,0.010454
0.2425,0.014537,0.014236,0.010542
0.245,0.014616,0.01424,0.010633
0.2475,0.0147,0.014249,0.010727
0.25,0.014789,0.014265,0.010826
0.2525,0.014883,0.014286,0.010928
0.255,0.014982,0.014314,0.011034
0.2575,0.015087,0.014347,0.011143
0.26,0.015196,0.014387,0.011257
0.2625,0.015311,0.014432,0.011374
0.265,0.015431,0.014483,0.011495
0.2675,0.015556,0.014541,0.011621
0.27,0.015687,0.014604,0.011751
0.2725,0.015823,0.014673,0.011885
0.275,0.015965,0.014748,0.012023
0.2775,0.016112,0.014829,0.012166
0.28,0.016266,0.014917,0.012314
0.2825,0.016425,0.01501,0.012466
0.285,0.01659,0.01511,0.012623
0.2875,0.016761,0.015217,0.012785
0.29,0.016938,0.01533,0.012953
0.2925,0.017122,0.015449,0.013126
0.295,0.017313,0.015575,0.013304
0.2975,0.01751,0.015708,0.013489
0.3,0.017715,0.015849,0.013679
0.3025,0.017926,0.015996,0.013875
0.305,0.018145,0.016151,0.014078
0.3075,0.018372,0.016314,0.014288
0.31,0.018607,0.016485,0.014504
0.3125,0.01885,0.016663,0.014728
0.315,0.019101,0.016851,0.014959
0.3175,0.019362,0.017046,0.015198
0.32,0.019631,0.017252,0.015445
0.3225,0.019911,0.017466,0.015701
0.325,0.0202,0.01769,0.015966
0.3275,0.0205,0.017925,0.016241
0.33,0.02081,0.01817,0.016525
0.3325,0.021133,0.018427,0.01682
0.335,0.021467,0.018695,0.017126
0.3375,0.021814,0.018976,0.017443
0.34,0.022174,0.01927,0.017773
0.3425,0.022549,0.019577,0.018116
0.345,0.022938,0.019899,0.018473
0.3475,0.023344,0.020237,0.018845
0.35,0.023766,0.020592,0.019233
0.3525,0.024206,0.020964,0.019637
0.355,0.024665,0.021355,0.02006
0.3575,0.025145,0.021766,0.020503
0.36,0.025647,0.022199,0.020966
0.3625,0.026173,0.022656,0.021453
0.365,0.026725,0.023139,0.021964
0.3675,0.027304,0.023649,0.022502
0.37,0.027913,0.024189,0.023069
0.3725,0.028555,0.024762,0.023668
0.375,0.029233,0.025371,0.024302
0.3775,0.02995,0.026019,0.024974
0.38,0.030709,0.02671,0.025688
0.3825,0.031516,0.027449,0.026449
0.385,0.032373,0.02824,0.02726
0.3875,0.033288,0.029088,0.028127
0.39,0.034264,0.030001,0.029056
0.3925,0.03531,0.030983,0.030054
0.395,0.036431,0.032044,0.031128
0.3975,0.037637,0.033191,0.032287
0.4,0.038936,0.034434,0.033538
0.4025,0.040338,0.035783,0.034893
0.405,0.041853,0.03725,0.036363
0.4075,0.043495,0.038847,0.037959
0.41,0.045276,0.040588,0.039697
0.4125,0.047212,0.042488,0.04159
0.415,0.049318,0.044566,0.043655
0.4175,0.051611,0.046838,0.045911
0.42,0.054112,0.049325,0.048377
0.4225,0.056841,0.052049,0.051074
0.425,0.05982,0.055033,0.054025
0.4275,0.063074,0.058302,0.057255
0.43,0.066629,0.061884,0.060792
0.4325,0.070512,0.065808,0.064662
0.435,0.074754,0.070104,0.068898
0.4375,0.079385,0.074805,0.07353
0.44,0.08444,0.079946,0.078593
0.4425,0.089951,0.085562,0.084123
0.445,0.095956,0.09169,0.090155
0.4475,0.10249,0.098369,0.096728
0.45,0.1096,0.10564,0.10388
0.4525,0.11731,0.11354,0.11166
0.455,0.12567,0.12211,0.12009
0.4575,0.13472,0.13139,0.12923
0.46,0.14449,0.14143,0.13911
0.4625,0.15503,0.15225,0.14977
0.465,0.16637,0.16391,0.16124
0.4675,0.17855,0.17643,0.17358
0.47,0.1916,0.18985,0.1868
0.4725,0.20555,0.20419,0.20094
0.475,0.22043,0.21949,0.21603
0.4775,0.23625,0.23576,0.23208
0.48,0.25304,0.25302,0.24912
0.4825,0.27081,0.27128,0.26716
0.485,0.28956,0.29054,0.28619
0.4875,0.30928,0.3108,0.30622
0.49,0.32997,0.33203,0.32724
0.4925,0.35161,0.35423,0.34922
0.495,0.37416,0.37736,0.37213
0.4975,0.3976,0.40137,0.39594
0.5,0.42187,0.42622,0.4206
0.5025,0.44692,0.45184,0.44604
0.505,0.47268,0.47816,0.4722
0.5075,0.49907,0.5051,0.499
0.51,0.52601,0.53257,0.52634
0.5125,0.55339,0.56045,0.55413
0.515,0.58111,0.58863,0.58225
0.5175,0.60906,0.617,0.61058
0.52,0.6371,0.64542,0.639
0.5225,0.66511,0.67376,0.66736
0.525,0.69295,0.70186,0.69553
0.5275,0.72047,0.72958,0.72335
0.53,0.74754,0.75676,0.75068
0.5325,0.77399,0.78326,0.77736
0.535,0.79969,0.8089,0.80323
0.5375,0.82447,0.83355,0.82814
0.54,0.8482,0.85703,0.85193
0.5425,0.87073,0.87922,0.87447
0.545,0.89192,0.89995,0.89559
0.5475,0.91165,0.91911,0.91517
0.55,0.92979,0.93656,0.93309
0.5525,0.94622,0.95219,0.94922
0.555,0.96087,0.9659,0.96347
0.5575,0.97363,0.9776,0.97573
0.56,0.98444,0.98721,0.98595
0.5625,0.99324,0.9947,0.99405
0.565,1,1,1
0.5675,1.0047,1.0031,1.0038
0.57,1.0073,1.004,1.0053
0.5725,1.0079,1.0027,1.0048
0.575,1.0064,0.99927,1.002
0.5775,1.0029,0.99372,0.99716
0.58,0.99757,0.98611,0.99026
0.5825,0.99036,0.97655,0.9814
0.585,0.98141,0.96511,0.97068
0.5875,0.97082,0.95193,0.95818
0.59,0.95872,0.9371,0.94405
0.5925,0.94524,0.92078,0.92841
0.595,0.93052,0.90311,0.9114
0.5975,0.91471,0.88422,0.89317
0.6,0.89797,0.8643,0.87388
0.6025,0.88046,0.84349,0.85369
0.605,0.86234,0.82195,0.83277
0.6075,0.84377,0.79987,0.81127
0.61,0.82493,0.77739,0.78937
0.6125,0.80596,0.75468,0.76723
0.615,0.78703,0.73191,0.745
0.6175,0.76828,0.70921,0.72284
0.62,0.74987,0.68673,0.70089
0.6225,0.73192,0.66462,0.67929
0.625,0.71457,0.643,0.65817
0.6275,0.69793,0.62198,0.63766
0.63,0.6821,0.60167,0.61785
0.6325,0.66719,0.58217,0.59884
0.635,0.65326,0.56355,0.58073
0.6375,0.64039,0.5459,0.56358
0.64,0.62864,0.52926,0.54745
0.6425,0.61804,0.51369,0.53239
0.645,0.60863,0.49923,0.51844
0.6475,0.60042,0.48588,0.50562
0.65,0.59343,0.47366,0.49395
0.6525,0.58763,0.46259,0.48342
0.655,0.58302,0.45263,0.47403
0.6575,0.57957,0.44379,0.46575
0.66,0.57724,0.43602,0.45857
0.6625,0.57598,0.4293,0.45244
0.665,0.57574,0.42357,0.44732
0.6675,0.57644,0.41879,0.44316
0.67,0.57803,0.41491,0.4399
0.6725,0.58043,0.41187,0.43748
0.675,0.58355,0.40959,0.43583
0.6775,0.58731,0.40801,0.43489
0.68,0.59162,0.40707,0.43458
0.6825,0.59639,0.40668,0.43483
0.685,0.60152,0.40678,0.43556
0.6875,0.60693,0.4073,0.43669
0.69,0.61253,0.40815,0.43815
0.6925,0.61821,0.40927,0.43986
0.695,0.62389,0.41058,0.44175
0.6975,0.62947,0.41202,0.44375
0.7,0.63488,0.41352,0.44577
0.7025,0.64003,0.41501,0.44777
0.705,0.64485,0.41644,0.44967
0.7075,0.64925,0.41775,0.45142
0.71,0.65317,0.41887,0.45295
0.7125,0.65654,0.41977,0.45421
0.715,0.65932,0.4204,0.45516
0.7175,0.66144,0.42072,0.45576
0.72,0.66286,0.42069,0.45596
0.7225,0.66354,0.42028,0.45574
0.725,0.66345,0.41946,0.45505
0.7275,0.66257,0.41821,0.45389
0.73,0.66087,0.41652,0.45223
0.7325,0.65834,0.41436,0.45007
0.735,0.65497,0.41174,0.44738
0.7375,0.65078,0.40865,0.44417
0.74,0.64575,0.40509,0.44043
0.7425,0.63992,0.40106,0.43618
0.745,0.63328,0.39657,0.43142
0.7475,0.62587,0.39164,0.42617
0.75,0.61772,0.38627,0.42044
0.7525,0.60885,0.38049,0.41424
0.755,0.59931,0.37432,0.40762
0.7575,0.58914,0.36778,0.40058
0.76,0.57837,0.36089,0.39316
0.7625,0.56706,0.35369,0.38538
0.765,0.55525,0.3462,0.37729
0.7675,0.54299,0.33844,0.3689
0.77,0.53034,0.33047,0.36026
0.7725,0.51734,0.32229,0.3514
0.775,0.50405,0.31395,0.34235
0.7775,0.49052,0.30547,0.33314
0.78,0.47681,0.29688,0.32382
0.7825,0.46296,0.28823,0.31441
0.785,0.44901,0.27953,0.30494
0.7875,0.43503,0.27081,0.29546
0.79,0.42105,0.26211,0.28598
0.7925,0.40713,0.25344,0.27654
0.795,0.39329,0.24484,0.26716
0.7975,0.37957,0.23632,0.25787
0.8,0.36603,0.22791,0.2487
0.8025,0.35267,0.21963,0.23966
0.805,0.33955,0.21149,0.23078
0.8075,0.32667,0.20351,0.22207
0.81,0.31408,0.19571,0.21354
0.8125,0.30178,0.18809,0.20522
0.815,0.28979,0.18067,0.19712
0.8175,0.27814,0.17347,0.18924
0.82,0.26684,0.16647,0.18159
0.8225,0.25588,0.1597,0.17418
0.825,0.24529,0.15315,0.16702
0.8275,0.23507,0.14683,0.16011
0.83,0.22521,0.14074,0.15344
0.8325,0.21573,0.13488,0.14703
0.835,0.20662,0.12924,0.14086
0.8375,0.19787,0.12384,0.13495
0.84,0.18949,0.11866,0.12927
0.8425,0.18146,0.1137,0.12384
0.845,0.17378,0.10896,0.11865
0.8475,0.16645,0.10443,0.11369
0.85,0.15945,0.1001,0.10895
0.8525,0.15278,0.095976,0.10444
0.855,0.14642,0.092046,0.10013
0.8575,0.14036,0.088302,0.096031
0.86,0.1346,0.08474,0.092129
0.8625,0.12912,0.081351,0.088417
0.865,0.12391,0.078129,0.084889
0.8675,0.11896,0.075067,0.081535
0.87,0.11426,0.072157,0.078349
0.8725,0.1098,0.069393,0.075322
0.875,0.10556,0.066768,0.072448
0.8775,0.10153,0.064276,0.069719
0.88,0.097714,0.061908,0.067127
0.8825,0.094087,0.05966,0.064667
0.885,0.090645,0.057525,0.06233
0.8875,0.087376,0.055497,0.060111
0.89,0.084272,0.053571,0.058003
0.8925,0.081324,0.05174,0.056
0.895,0.078523,0.049999,0.054096
0.8975,0.075861,0.048345,0.052286
0.9,0.07333,0.04677,0.050565
0.9025,0.070922,0.045272,0.048927
0.905,0.068631,0.043846,0.047368
0.9075,0.06645,0.042487,0.045883
0.91,0.064372,0.041192,0.044469
0.9125,0.062393,0.039958,0.04312
0.915,0.060505,0.03878,0.041834
0.9175,0.058704,0.037656,0.040606
0.92,0.056985,0.036582,0.039434
0.9225,0.055343,0.035555,0.038313
0.925,0.053774,0.034574,0.037243
0.9275,0.052273,0.033635,0.036218
0.93,0.050837,0.032735,0.035237
0.9325,0.049462,0.031874,0.034298
0.935,0.048145,0.031048,0.033398
0.9375,0.046882,0.030256,0.032535
0.94,0.045672,0.029496,0.031707
0.9425,0.044509,0.028766,0.030911
0.945,0.043393,0.028065,0.030148
0.9475,0.042321,0.027391,0.029413
0.95,0.04129,0.026742,0.028707
0.9525,0.040298,0.026118,0.028028
0.955,0.039344,0.025516,0.027374
0.9575,0.038425,0.024937,0.026743
0.96,0.037539,0.024379,0.026136
0.9625,0.036685,0.02384,0.02555
0.965,0.035862,0.02332,0.024985
0.9675,0.035068,0.022818,0.02444
0.97,0.034301,0.022333,0.023913
0.9725,0.03356,0.021865,0.023404
0.975,0.032844,0.021412,0.022912
0.9775,0.032152,0.020974,0.022436
0.98,0.031483,0.02055,0.021976
0.9825,0.030835,0.020139,0.02153
0.985,0.030208,0.019742,0.021099
0.9875,0.029601,0.019357,0.020681
0.99,0.029013,0.018983,0.020276
0.9925,0.028443,0.018621,0.019884
0.995,0.027891,0.01827,0.019503
0.9975,0.027355,0.017929,0.019134
1,0.026835,0.017599,0.018775
